LORD
SEER
WARRIOR
MOTHER_EARTH
MOUNTAIN
SEA
FOREST
VALLEY
EAGLE
HORSE
BULL
DOE
WHITE
BLACK
BLUE
RED
EoE
1	0	0	0	1	0	1	0	0	0	0	1	0	1	1	0	1
1	0	0	0	1	0	0	0	0	0	1	0	0	0	0	1	1
1	0	0	0	1	1	1	0	0	1	0	1	0	0	1	1	1
1	0	0	0	1	1	1	0	1	1	1	1	1	1	0	1	1
1	0	0	0	1	0	0	0	1	1	1	0	0	1	1	1	1
1	0	0	0	1	0	0	0	1	0	1	1	1	0	0	1	1
1	0	0	0	1	0	1	0	1	0	0	1	1	0	1	0	1
1	0	0	0	1	1	1	0	1	0	1	1	0	1	0	1	1
1	0	0	0	1	1	1	0	0	0	1	0	0	0	1	1	1
1	0	0	0	1	0	1	0	1	0	1	1	1	1	1	1	1
0	1	0	0	0	0	0	1	0	1	0	0	1	1	1	0	2
0	1	0	0	0	0	0	1	1	1	1	1	1	1	0	0	2
0	1	0	0	1	0	0	1	1	0	0	0	0	1	0	1	2
0	1	0	0	1	1	0	1	0	0	0	0	1	0	1	0	2
0	1	0	0	0	0	1	0	0	0	0	1	0	1	0	0	2
0	1	0	0	0	1	0	1	1	1	0	0	0	1	0	0	2
0	1	0	0	0	0	0	1	0	1	0	0	0	0	0	1	2
0	1	0	0	0	0	0	1	1	1	0	0	0	0	0	0	2
0	1	0	0	0	0	0	0	0	0	1	1	0	0	1	1	2
0	1	0	0	0	1	0	0	0	0	0	0	1	0	0	0	2
0	0	1	0	0	0	0	1	0	0	1	1	1	0	0	1	3
0	0	1	0	1	1	0	1	1	1	0	0	1	1	0	0	3
0	0	1	0	0	0	0	1	0	0	0	1	1	0	1	1	3
0	0	1	0	0	0	0	1	0	0	1	0	0	1	0	1	3
0	0	1	0	0	1	0	1	1	1	1	0	0	1	0	1	3
0	0	1	0	0	0	0	0	0	0	1	1	1	1	0	0	3
0	0	1	0	0	1	0	0	0	0	1	0	0	1	1	0	3
0	0	1	0	0	0	0	1	0	1	1	0	1	1	0	0	3
0	0	1	0	1	1	1	0	0	0	1	0	0	1	0	1	3
0	0	1	0	0	1	0	1	1	1	0	0	0	1	0	1	3
0	0	0	1	0	0	1	0	1	1	0	0	1	1	0	1	4
0	0	0	1	0	1	1	1	0	0	1	1	0	1	1	1	4
0	0	0	1	0	0	1	1	0	0	0	1	1	1	0	1	4
0	0	0	1	0	0	1	1	0	0	1	1	1	1	1	0	4
0	0	0	1	0	0	0	0	0	1	0	0	1	1	1	0	4
0	0	0	1	0	0	1	1	0	1	1	0	0	0	1	1	4
0	0	0	1	0	0	0	0	0	1	0	1	0	1	0	0	4
0	0	0	1	0	0	1	0	0	0	1	0	0	1	1	0	4
0	0	0	1	0	1	1	1	1	0	1	1	0	0	1	0	4
0	0	0	1	0	0	1	0	0	0	0	1	1	1	0	0	4
-666
