1
	16 8
		sig 0
			0.422466
			0.000000
			0.000000
			0.000000
			0.422466
			0.174396
			0.301277
			0.000000
			0.260235
			0.129688
			0.298291
			0.301054
			0.173882
			0.216952
			0.253361
			0.340906
		sig 0
			0.000000
			0.592696
			0.000000
			0.000000
			0.121486
			0.176182
			0.054908
			0.428644
			0.247987
			0.307158
			0.120771
			0.175679
			0.241656
			0.306800
			0.178256
			0.174845
		sig 0
			0.000000
			0.000000
			0.503231
			0.000000
			0.101731
			0.255037
			0.049919
			0.357419
			0.157361
			0.208625
			0.351241
			0.146919
			0.249995
			0.404448
			0.096083
			0.304262
		sig 0
			0.000000
			0.000000
			0.000000
			0.486487
			0.000000
			0.101933
			0.396028
			0.253085
			0.098068
			0.187791
			0.250216
			0.295522
			0.243415
			0.387613
			0.296227
			0.199951
		sig 0
			0.322740
			0.149282
			0.000000
			0.000000
			0.472022
			0.149282
			0.162769
			0.149282
			0.322740
			0.000000
			0.159971
			0.322740
			0.472022
			0.000000
			0.312051
			0.159971
		sig 0
			0.000000
			0.165436
			0.161244
			0.177316
			0.165436
			0.503997
			0.177316
			0.342753
			0.177316
			0.000000
			0.338561
			0.177316
			0.165436
			0.161244
			0.503997
			0.000000
		sig 0
			0.134038
			0.062867
			0.000000
			0.280894
			0.134038
			0.139945
			0.477799
			0.214672
			0.000000
			0.067072
			0.144217
			0.477799
			0.208021
			0.410727
			0.278255
			0.210400
		sig 0
			0.116500
			0.054719
			0.228454
			0.058195
			0.228172
			0.291839
			0.174784
			0.284414
			0.288273
			0.173919
			0.345582
			0.117830
			0.000000
			0.457867
			0.115060
			0.457867

